96408 20140819  2.515 -150.87   63.45 -9999.0 -9999.0 -9999.0 -9999.0 -9999.0 -9999.00 U -9999.0 -9999.0 -9999.0 -9999.0 -9999.0 -9999.0 -99.000 -99.000 -99.000 -99.000 -99.000 -9999.0 -9999.0 -9999.0 -9999.0 -9999.0
96408 20140820  2.515 -150.87   63.45    14.3     5.0     9.6     9.1     0.0    15.23 C    26.9     0.3    10.4    90.0    45.2    68.6 -99.000 -99.000 -99.000 -99.000 -99.000 -9999.0 -9999.0 -9999.0 -9999.0 -9999.0
96408 20140821  2.515 -150.87   63.45    14.2     3.7     9.0     8.5     0.3    11.33 C    23.5     0.9     8.8    94.6    55.0    78.1 -99.000 -99.000 -99.000 -99.000 -99.000 -9999.0 -9999.0 -9999.0 -9999.0 -9999.0
96408 20140822  2.515 -150.87   63.45    10.1     5.2     7.7     6.6    10.5     6.91 C    16.3     4.2     7.5    97.2    72.1    91.5 -99.000 -99.000 -99.000 -99.000 -99.000 -9999.0 -9999.0 -9999.0 -9999.0 -9999.0
96408 20140823  2.515 -150.87   63.45     9.3     3.0     6.1     5.9     3.1     8.98 C    17.9     1.2     7.4    97.0    68.1    86.0 -99.000 -99.000 -99.000 -99.000 -99.000 -9999.0 -9999.0 -9999.0 -9999.0 -9999.0
96408 20140824  2.515 -150.87   63.45    11.8     3.9     7.9     7.3     0.9    11.66 C    22.7     3.3     9.1    94.0    49.5    73.6 -99.000 -99.000 -99.000 -99.000 -99.000 -9999.0 -9999.0 -9999.0 -9999.0 -9999.0
96408 20140825  2.515 -150.87   63.45    12.5     6.3     9.4    10.0    13.1     2.61 C    14.3     6.1    10.1    96.3    85.8    92.6 -99.000 -99.000 -99.000 -99.000 -99.000 -9999.0 -9999.0 -9999.0 -9999.0 -9999.0
96408 20140826  2.515 -150.87   63.45    14.7     6.8    10.8     9.9    30.8     6.62 C    17.4     6.5     9.8    95.8    64.4    89.7 -99.000 -99.000 -99.000 -99.000 -99.000 -9999.0 -9999.0 -9999.0 -9999.0 -9999.0
96408 20140827  2.515 -150.87   63.45     6.8     0.5     3.6     3.4    29.5     3.68 C     7.8    -0.3     3.3    96.4    76.4    92.5 -99.000 -99.000 -99.000 -99.000 -99.000 -9999.0 -9999.0 -9999.0 -9999.0 -9999.0
96408 20140828  2.515 -150.87   63.45     2.7    -0.2     1.2     1.1     6.9     3.95 C     4.8    -1.5     1.2    96.7    87.9    93.1 -99.000 -99.000 -99.000 -99.000 -99.000 -9999.0 -9999.0 -9999.0 -9999.0 -9999.0
96408 20140829  2.515 -150.87   63.45     4.0    -0.4     1.8     1.0     5.9     5.46 C    11.4    -1.2     1.9    97.6    76.6    92.9 -99.000 -99.000 -99.000 -99.000 -99.000 -9999.0 -9999.0 -9999.0 -9999.0 -9999.0
96408 20140830  2.515 -150.87   63.45     2.5    -1.5     0.5    -0.2     1.9     5.93 C     8.1    -2.4     0.2    97.4    79.4    92.0 -99.000 -99.000 -99.000 -99.000 -99.000 -9999.0 -9999.0 -9999.0 -9999.0 -9999.0
96408 20140831  2.515 -150.87   63.45     5.6    -1.1     2.2     1.6     1.1     8.99 C    15.1    -2.0     2.4    97.5    55.9    80.8 -99.000 -99.000 -99.000 -99.000 -99.000 -9999.0 -9999.0 -9999.0 -9999.0 -9999.0
96408 20140901  2.515 -150.87   63.45    10.7    -1.8     4.4     4.4     0.0    17.61 C    18.0    -6.5     3.8    85.8    37.2    61.4 -99.000 -99.000 -99.000 -99.000 -99.000 -9999.0 -9999.0 -9999.0 -9999.0 -9999.0
96408 20140902  2.515 -150.87   63.45    15.0     0.5     7.8     7.9     0.0    15.28 C    23.9    -5.8     7.0    76.3    20.5    50.5 -99.000 -99.000 -99.000 -99.000 -99.000 -9999.0 -9999.0 -9999.0 -9999.0 -9999.0
96408 20140903  2.515 -150.87   63.45    16.8     4.8    10.8    10.4     0.0    11.73 C    28.2     1.7    10.5    80.1    23.0    52.0 -99.000 -99.000 -99.000 -99.000 -99.000 -9999.0 -9999.0 -9999.0 -9999.0 -9999.0
96408 20140904  2.515 -150.87   63.45    10.5     5.6     8.0     7.8     5.4     5.77 C    15.6     4.0     8.6    96.8    75.2    89.0 -99.000 -99.000 -99.000 -99.000 -99.000 -9999.0 -9999.0 -9999.0 -9999.0 -9999.0
96408 20140905  2.515 -150.87   63.45    11.2     6.6     8.9     8.3     9.8     7.09 C    21.1     2.8     9.2    97.2    78.4    92.2 -99.000 -99.000 -99.000 -99.000 -99.000 -9999.0 -9999.0 -9999.0 -9999.0 -9999.0
96408 20140906  2.515 -150.87   63.45    14.4     3.5     8.9     9.1     0.0    14.72 C    21.6    -1.5     8.6    95.6    45.2    71.5 -99.000 -99.000 -99.000 -99.000 -99.000 -9999.0 -9999.0 -9999.0 -9999.0 -9999.0
96408 20140907  2.515 -150.87   63.45    12.3     5.3     8.8     8.5     0.0     7.08 C    20.2    -1.5     8.4    92.1    55.6    77.4 -99.000 -99.000 -99.000 -99.000 -99.000 -9999.0 -9999.0 -9999.0 -9999.0 -9999.0
96408 20140908  2.515 -150.87   63.45    12.4     5.1     8.7     8.6     3.6     6.21 C    16.3     1.8     7.7    90.7    54.1    75.8 -99.000 -99.000 -99.000 -99.000 -99.000 -9999.0 -9999.0 -9999.0 -9999.0 -9999.0
96408 20140909  2.515 -150.87   63.45    13.3     4.4     8.9     7.8     6.4     8.87 C    21.0    -1.9     7.3    96.6    42.4    77.7 -99.000 -99.000 -99.000 -99.000 -99.000 -9999.0 -9999.0 -9999.0 -9999.0 -9999.0
96408 20140910  2.515 -150.87   63.45    14.5     2.4     8.5     8.5     0.2     8.59 C    21.9    -3.9     5.7    86.5    30.4    58.9 -99.000 -99.000 -99.000 -99.000 -99.000 -9999.0 -9999.0 -9999.0 -9999.0 -9999.0
96408 20140911  2.515 -150.87   63.45    13.6     2.3     8.0     6.7     3.1    11.52 C    26.5    -3.9     6.6    95.1    38.3    72.1 -99.000 -99.000 -99.000 -99.000 -99.000 -9999.0 -9999.0 -9999.0 -9999.0 -9999.0
96408 20140912  2.515 -150.87   63.45     3.7    -1.2     1.2     0.6     5.7     8.72 C     7.2    -5.0     0.0    97.4    59.8    84.0 -99.000 -99.000 -99.000 -99.000 -99.000 -9999.0 -9999.0 -9999.0 -9999.0 -9999.0
96408 20140913  2.515 -150.87   63.45     6.0    -0.5     2.7     3.1     8.6     2.15 C     7.0    -3.4     2.4    95.3    59.0    85.0 -99.000 -99.000 -99.000 -99.000 -99.000 -9999.0 -9999.0 -9999.0 -9999.0 -9999.0
96408 20140914  2.515 -150.87   63.45     5.0     1.2     3.1     2.8     7.7     2.59 C     6.9    -1.2     2.9    97.4    86.8    93.2 -99.000 -99.000 -99.000 -99.000 -99.000 -9999.0 -9999.0 -9999.0 -9999.0 -9999.0
96408 20140915  2.515 -150.87   63.45     4.5     0.9     2.7     2.9     8.0     3.67 C     9.9    -1.3     3.8    97.5    74.3    92.8 -99.000 -99.000 -99.000 -99.000 -99.000 -9999.0 -9999.0 -9999.0 -9999.0 -9999.0
96408 20140916  2.515 -150.87   63.45     3.9    -0.5     1.7     1.1     2.3     5.74 C    12.8    -0.9     2.0    97.2    75.2    91.1 -99.000 -99.000 -99.000 -99.000 -99.000 -9999.0 -9999.0 -9999.0 -9999.0 -9999.0
96408 20140917  2.515 -150.87   63.45     3.4    -1.8     0.8     0.4     0.5     4.75 C    10.4    -3.3     1.5    97.7    73.1    90.8 -99.000 -99.000 -99.000 -99.000 -99.000 -9999.0 -9999.0 -9999.0 -9999.0 -9999.0
96408 20140918  2.515 -150.87   63.45     2.6    -0.9     0.8     0.6     1.2     3.68 C     8.6    -1.4     1.6    97.7    81.2    94.1 -99.000 -99.000 -99.000 -99.000 -99.000 -9999.0 -9999.0 -9999.0 -9999.0 -9999.0
96408 20140919  2.515 -150.87   63.45     1.3    -1.5    -0.1    -0.1     1.1     3.71 C     4.9    -1.7     0.9    97.6    85.6    94.5 -99.000 -99.000 -99.000 -99.000 -99.000 -9999.0 -9999.0 -9999.0 -9999.0 -9999.0
96408 20140920  2.515 -150.87   63.45     2.2    -1.9     0.1    -0.6     2.8     5.99 C    13.8    -2.6     0.3    97.5    76.6    93.2 -99.000 -99.000 -99.000 -99.000 -99.000 -9999.0 -9999.0 -9999.0 -9999.0 -9999.0
96408 20140921  2.515 -150.87   63.45    -0.6    -2.0    -1.3    -1.4     5.6     0.96 C    -0.3    -2.5    -1.2    97.6    88.0    94.2 -99.000 -99.000 -99.000 -99.000 -99.000 -9999.0 -9999.0 -9999.0 -9999.0 -9999.0
96408 20140922  2.515 -150.87   63.45    -1.2    -3.7    -2.5    -2.7     1.6     2.16 C    -0.1    -6.5    -2.9    93.7    68.4    83.8 -99.000 -99.000 -99.000 -99.000 -99.000 -9999.0 -9999.0 -9999.0 -9999.0 -9999.0
96408 20140923  2.515 -150.87   63.45    -0.9    -7.9    -4.4    -3.3     0.3     4.70 C    -0.5   -14.0    -4.7    84.2    56.7    72.6 -99.000 -99.000 -99.000 -99.000 -99.000 -9999.0 -9999.0 -9999.0 -9999.0 -9999.0
96408 20140924  2.515 -150.87   63.45     2.7    -9.3    -3.3    -3.2     0.0    11.94 C     3.6   -16.2    -6.2    92.3    39.9    62.2 -99.000 -99.000 -99.000 -99.000 -99.000 -9999.0 -9999.0 -9999.0 -9999.0 -9999.0
96408 20140925  2.515 -150.87   63.45     2.2    -1.7     0.3     0.4    15.8     0.90 C     1.4    -1.9    -0.5    96.5    63.3    89.4 -99.000 -99.000 -99.000 -99.000 -99.000 -9999.0 -9999.0 -9999.0 -9999.0 -9999.0
96408 20140926  2.515 -150.87   63.45     1.3    -1.4     0.0     0.1     2.4     2.87 C     4.0    -3.0    -0.2    97.8    78.0    92.5 -99.000 -99.000 -99.000 -99.000 -99.000 -9999.0 -9999.0 -9999.0 -9999.0 -9999.0
96408 20140927  2.515 -150.87   63.45     8.4     0.7     4.6     4.8     7.1     3.17 C    12.3     0.0     3.9    97.6    64.7    81.7 -99.000 -99.000 -99.000 -99.000 -99.000 -9999.0 -9999.0 -9999.0 -9999.0 -9999.0
96408 20140928  2.515 -150.87   63.45    10.0    -1.7     4.2     3.7    14.6     1.78 C     6.5    -2.2     3.1    97.4    50.3    86.7 -99.000 -99.000 -99.000 -99.000 -99.000 -9999.0 -9999.0 -9999.0 -9999.0 -9999.0
96408 20140929  2.515 -150.87   63.45    -1.7    -5.6    -3.6    -4.0    13.0     0.36 C    -2.2    -6.1    -4.3    95.0    83.0    90.1 -99.000 -99.000 -99.000 -99.000 -99.000 -9999.0 -9999.0 -9999.0 -9999.0 -9999.0
96408 20140930  2.515 -150.87   63.45    -2.0    -5.5    -3.8    -3.8     2.8     1.20 C    -2.7    -6.2    -4.6    93.7    81.8    89.2 -99.000 -99.000 -99.000 -99.000 -99.000 -9999.0 -9999.0 -9999.0 -9999.0 -9999.0
96408 20141001  2.515 -150.87   63.45     1.6    -2.4    -0.4    -0.9     1.9     6.54 C    -1.4    -7.1    -3.8    96.1    48.9    76.5 -99.000 -99.000 -99.000 -99.000 -99.000 -9999.0 -9999.0 -9999.0 -9999.0 -9999.0
96408 20141002  2.515 -150.87   63.45     5.5    -0.1     2.7     2.5     6.2     2.66 C     0.0    -2.2    -0.7    94.0    49.2    72.1 -99.000 -99.000 -99.000 -99.000 -99.000 -9999.0 -9999.0 -9999.0 -9999.0 -9999.0
96408 20141003  2.515 -150.87   63.45     5.5     0.7     3.1     2.6     2.3     3.57 C     0.2    -2.2    -0.4    95.7    49.7    79.0 -99.000 -99.000 -99.000 -99.000 -99.000 -9999.0 -9999.0 -9999.0 -9999.0 -9999.0
96408 20141004  2.515 -150.87   63.45     4.3    -0.2     2.0     2.5     3.6     3.00 C     0.1    -6.0    -0.8    96.5    83.3    91.2 -99.000 -99.000 -99.000 -99.000 -99.000 -9999.0 -9999.0 -9999.0 -9999.0 -9999.0
96408 20141005  2.515 -150.87   63.45     6.1    -1.6     2.3     1.9     0.0     8.65 C     0.0    -8.6    -3.3    93.2    45.3    70.0 -99.000 -99.000 -99.000 -99.000 -99.000 -9999.0 -9999.0 -9999.0 -9999.0 -9999.0
96408 20141006  2.515 -150.87   63.45     6.1    -2.3     1.9     1.6     0.0     6.74 C     0.7    -8.5    -3.8    77.2    45.0    58.4 -99.000 -99.000 -99.000 -99.000 -99.000 -9999.0 -9999.0 -9999.0 -9999.0 -9999.0
96408 20141007  2.515 -150.87   63.45     6.0    -2.6     1.7     1.3     0.0     5.55 C     1.1    -6.9    -3.3    93.6    42.4    64.5 -99.000 -99.000 -99.000 -99.000 -99.000 -9999.0 -9999.0 -9999.0 -9999.0 -9999.0
96408 20141008  2.515 -150.87   63.45     4.8    -7.1    -1.2    -1.9     0.0     2.11 C     0.3    -7.8    -3.4    96.9    69.3    86.7 -99.000 -99.000 -99.000 -99.000 -99.000 -9999.0 -9999.0 -9999.0 -9999.0 -9999.0
96408 20141009  2.515 -150.87   63.45     1.9    -5.0    -1.5    -3.1     0.0     3.30 C    -0.3    -5.4    -3.2    97.3    78.6    90.4 -99.000 -99.000 -99.000 -99.000 -99.000 -9999.0 -9999.0 -9999.0 -9999.0 -9999.0
96408 20141010  2.515 -150.87   63.45     0.8    -7.0    -3.1    -3.3     0.0     6.17 C     1.2    -8.7    -4.6    94.7    67.2    84.9 -99.000 -99.000 -99.000 -99.000 -99.000 -9999.0 -9999.0 -9999.0 -9999.0 -9999.0
96408 20141011  2.515 -150.87   63.45     6.9    -6.0     0.5    -0.3     0.0     6.91 C     2.4    -8.5    -4.1    91.8    46.9    75.1 -99.000 -99.000 -99.000 -99.000 -99.000 -9999.0 -9999.0 -9999.0 -9999.0 -9999.0
96408 20141012  2.515 -150.87   63.45     0.5   -10.1    -4.8    -5.0     0.0     6.77 C     0.2   -12.0    -7.7    95.9    66.8    86.8 -99.000 -99.000 -99.000 -99.000 -99.000 -9999.0 -9999.0 -9999.0 -9999.0 -9999.0
96408 20141013  2.515 -150.87   63.45     2.1    -7.0    -2.5    -2.2     0.0     5.51 C     0.9   -12.6    -5.9    93.8    62.0    79.2 -99.000 -99.000 -99.000 -99.000 -99.000 -9999.0 -9999.0 -9999.0 -9999.0 -9999.0
96408 20141014  2.515 -150.87   63.45     6.5    -2.6     1.9     1.2     0.0     4.79 C     2.9    -6.7    -3.0    82.1    47.6    66.5 -99.000 -99.000 -99.000 -99.000 -99.000 -9999.0 -9999.0 -9999.0 -9999.0 -9999.0
96408 20141015  2.515 -150.87   63.45     4.6    -4.4     0.1    -0.6     0.0     6.34 C     2.1   -10.9    -5.3    83.8    41.5    62.3 -99.000 -99.000 -99.000 -99.000 -99.000 -9999.0 -9999.0 -9999.0 -9999.0 -9999.0
96408 20141016  2.515 -150.87   63.45     1.6   -11.2    -4.8    -5.3     0.0     3.03 C    -0.8   -12.4    -6.6    96.2    68.7    84.4 -99.000 -99.000 -99.000 -99.000 -99.000 -9999.0 -9999.0 -9999.0 -9999.0 -9999.0
96408 20141017  2.515 -150.87   63.45     3.7    -4.7    -0.5     0.1     3.5     1.44 C     0.9    -5.3    -0.8    96.9    77.6    89.3 -99.000 -99.000 -99.000 -99.000 -99.000 -9999.0 -9999.0 -9999.0 -9999.0 -9999.0
96408 20141018  2.515 -150.87   63.45     6.2    -1.7     2.2     1.7     1.1     5.40 C     4.5    -1.4     0.5    97.9    74.6    91.3 -99.000 -99.000 -99.000 -99.000 -99.000 -9999.0 -9999.0 -9999.0 -9999.0 -9999.0
96408 20141019  2.515 -150.87   63.45     4.1    -5.0    -0.4    -0.8     1.7     5.18 C     2.6    -8.5    -2.1    97.9    67.1    91.7 -99.000 -99.000 -99.000 -99.000 -99.000 -9999.0 -9999.0 -9999.0 -9999.0 -9999.0
96408 20141020  2.515 -150.87   63.45     0.9    -8.8    -3.9    -3.1     0.0     4.75 C     1.6    -8.5    -4.8    96.7    57.1    80.7 -99.000 -99.000 -99.000 -99.000 -99.000 -9999.0 -9999.0 -9999.0 -9999.0 -9999.0
96408 20141021  2.515 -150.87   63.45    -3.8   -11.2    -7.5    -7.6     0.0     4.64 C    -0.3   -13.1    -7.5    92.2    81.0    88.3 -99.000 -99.000 -99.000 -99.000 -99.000 -9999.0 -9999.0 -9999.0 -9999.0 -9999.0
96408 20141022  2.515 -150.87   63.45    -4.2   -10.8    -7.5    -7.6     0.0     4.53 C    -1.8   -13.5    -8.0    91.2    78.6    87.6 -99.000 -99.000 -99.000 -99.000 -99.000 -9999.0 -9999.0 -9999.0 -9999.0 -9999.0
96408 20141023  2.515 -150.87   63.45     1.7    -8.8    -3.5    -3.8     0.0     4.52 C     0.6   -11.9    -6.1    95.2    58.1    80.3 -99.000 -99.000 -99.000 -99.000 -99.000 -9999.0 -9999.0 -9999.0 -9999.0 -9999.0
96408 20141024  2.515 -150.87   63.45     4.6    -8.1    -1.7    -2.6     0.0     1.56 C    -0.2   -10.4    -6.5    92.2    51.1    69.4 -99.000 -99.000 -99.000 -99.000 -99.000 -9999.0 -9999.0 -9999.0 -9999.0 -9999.0
96408 20141025  2.515 -150.87   63.45     5.2    -3.7     0.7     0.3     0.0     3.15 C     2.2    -9.7    -4.2    82.4    48.2    66.8 -99.000 -99.000 -99.000 -99.000 -99.000 -9999.0 -9999.0 -9999.0 -9999.0 -9999.0
96408 20141026  2.515 -150.87   63.45     6.2    -1.2     2.5     2.1     0.0     1.38 C     1.0    -6.2    -1.1    68.6    37.2    55.4 -99.000 -99.000 -99.000 -99.000 -99.000 -9999.0 -9999.0 -9999.0 -9999.0 -9999.0
96408 20141027  2.515 -150.87   63.45     6.6    -5.5     0.6     2.4     0.0     1.96 C     3.9    -5.6    -0.4    97.4    46.2    65.3 -99.000 -99.000 -99.000 -99.000 -99.000 -9999.0 -9999.0 -9999.0 -9999.0 -9999.0
96408 20141028  2.515 -150.87   63.45    -5.0    -8.3    -6.7    -6.3     0.2     1.01 C    -2.8    -7.8    -5.1    91.3    86.5    89.2 -99.000 -99.000 -99.000 -99.000 -99.000 -9999.0 -9999.0 -9999.0 -9999.0 -9999.0
96408 20141029  2.515 -150.87   63.45    -5.1    -9.0    -7.1    -7.2     8.8     0.23 C    -4.4    -9.4    -6.8    90.7    87.3    88.7 -99.000 -99.000 -99.000 -99.000 -99.000 -9999.0 -9999.0 -9999.0 -9999.0 -9999.0
96408 20141030  2.515 -150.87   63.45    -8.4   -12.4   -10.4    -9.8     3.7     0.62 C    -8.2   -21.1   -11.8    88.3    82.9    86.9 -99.000 -99.000 -99.000 -99.000 -99.000 -9999.0 -9999.0 -9999.0 -9999.0 -9999.0
96408 20141031  2.515 -150.87   63.45    -9.6   -14.8   -12.2   -12.3     1.5     0.31 C    -9.8   -23.8   -13.7    88.0    79.8    85.1 -99.000 -99.000 -99.000 -99.000 -99.000 -9999.0 -9999.0 -9999.0 -9999.0 -9999.0
96408 20141101  2.515 -150.87   63.45    -2.2    -9.7    -5.9    -5.2     3.1     0.19 C    -2.9   -10.5    -6.1    96.4    77.0    88.4 -99.000 -99.000 -99.000 -99.000 -99.000 -9999.0 -9999.0 -9999.0 -9999.0 -9999.0
96408 20141102  2.515 -150.87   63.45    -0.4    -6.0    -3.2    -2.7     0.6     1.84 C    -1.8   -14.7    -8.1    96.6    46.6    74.6 -99.000 -99.000 -99.000 -99.000 -99.000 -9999.0 -9999.0 -9999.0 -9999.0 -9999.0
96408 20141103  2.515 -150.87   63.45    -2.3    -7.5    -4.9    -4.2     0.3     1.43 C    -3.8   -10.9    -7.1    94.5    47.9    71.2 -99.000 -99.000 -99.000 -99.000 -99.000 -9999.0 -9999.0 -9999.0 -9999.0 -9999.0
96408 20141104  2.515 -150.87   63.45    -0.3    -7.6    -3.9    -3.5     0.0     1.07 C    -4.5   -18.4    -9.5    92.2    46.6    64.3 -99.000 -99.000 -99.000 -99.000 -99.000 -9999.0 -9999.0 -9999.0 -9999.0 -9999.0
96408 20141105  2.515 -150.87   63.45     1.8    -7.5    -2.9    -3.9     0.0     1.01 C    -3.2   -13.3    -7.9    86.6    51.5    66.4 -99.000 -99.000 -99.000 -99.000 -99.000 -9999.0 -9999.0 -9999.0 -9999.0 -9999.0
96408 20141106  2.515 -150.87   63.45    -4.5    -7.4    -5.9    -5.6    17.5     0.21 C    -5.0    -6.8    -5.8    94.8    88.2    92.1 -99.000 -99.000 -99.000 -99.000 -99.000 -9999.0 -9999.0 -9999.0 -9999.0 -9999.0
