26565 20140627  2.514 -148.46   70.16 -9999.0 -9999.0 -9999.0 -9999.0 -9999.0 -9999.00 U -9999.0 -9999.0 -9999.0 -9999.0 -9999.0 -9999.0 -99.000 -99.000 -99.000 -99.000 -99.000 -9999.0 -9999.0 -9999.0 -9999.0 -9999.0
26565 20140628  2.514 -148.46   70.16 -9999.0 -9999.0 -9999.0 -9999.0 -9999.0 -9999.00 U -9999.0 -9999.0 -9999.0 -9999.0 -9999.0 -9999.0 -99.000 -99.000 -99.000 -99.000 -99.000 -9999.0 -9999.0 -9999.0 -9999.0 -9999.0
26565 20140629  2.514 -148.46   70.16    17.4     5.1    11.2    11.0     0.0    26.15 C    24.7     1.1    12.4    96.0    48.1    72.8 -99.000 -99.000 -99.000 -99.000 -99.000 -9999.0 -9999.0 -9999.0 -9999.0 -9999.0
26565 20140630  2.514 -148.46   70.16    16.7     5.1    10.9    10.7     0.0    25.97 C    26.8     3.4    13.2    94.3    60.9    76.6 -99.000 -99.000 -99.000 -99.000 -99.000 -9999.0 -9999.0 -9999.0 -9999.0 -9999.0
26565 20140701  2.514 -148.46   70.16    14.2     5.2     9.7     9.8     0.0    22.58 C    22.2     2.6    12.0    97.7    69.1    81.8 -99.000 -99.000 -99.000 -99.000 -99.000 -9999.0 -9999.0 -9999.0 -9999.0 -9999.0
26565 20140702  2.514 -148.46   70.16     8.9     4.3     6.6     6.1     1.2     9.27 C    21.6     4.6     8.4    98.5    82.4    91.2 -99.000 -99.000 -99.000 -99.000 -99.000 -9999.0 -9999.0 -9999.0 -9999.0 -9999.0
26565 20140703  2.514 -148.46   70.16    14.2     5.2     9.7     9.2     0.0    17.83 C    25.1     4.1    11.6    98.5    66.3    84.0 -99.000 -99.000 -99.000 -99.000 -99.000 -9999.0 -9999.0 -9999.0 -9999.0 -9999.0
26565 20140704  2.514 -148.46   70.16    14.9     4.6     9.8    10.0     0.0    26.17 C    23.9     2.7    13.0    99.7    59.8    80.9 -99.000 -99.000 -99.000 -99.000 -99.000 -9999.0 -9999.0 -9999.0 -9999.0 -9999.0
26565 20140705  2.514 -148.46   70.16    11.6     3.8     7.7     7.7     0.0    24.35 C    19.5     3.9    10.8    99.7    79.8    92.4 -99.000 -99.000 -99.000 -99.000 -99.000 -9999.0 -9999.0 -9999.0 -9999.0 -9999.0
26565 20140706  2.514 -148.46   70.16     9.9     4.2     7.1     6.7     0.0    18.13 C    18.2     4.5     9.4    99.5    83.6    95.2 -99.000 -99.000 -99.000 -99.000 -99.000 -9999.0 -9999.0 -9999.0 -9999.0 -9999.0
26565 20140707  2.514 -148.46   70.16    10.1     4.0     7.1     6.6     0.0    24.26 C    17.7     4.5     9.8    99.5    81.0    92.1 -99.000 -99.000 -99.000 -99.000 -99.000 -9999.0 -9999.0 -9999.0 -9999.0 -9999.0
26565 20140708  2.514 -148.46   70.16    10.1     4.4     7.2     6.9     0.0    16.80 C    16.3     4.2     8.6    99.5    77.5    91.1 -99.000 -99.000 -99.000 -99.000 -99.000 -9999.0 -9999.0 -9999.0 -9999.0 -9999.0
26565 20140709  2.514 -148.46   70.16     6.8     3.3     5.1     5.3     0.0    17.45 C    12.0     2.1     6.6    99.0    78.2    88.9 -99.000 -99.000 -99.000 -99.000 -99.000 -9999.0 -9999.0 -9999.0 -9999.0 -9999.0
26565 20140710  2.514 -148.46   70.16    10.9     3.4     7.1     6.7     0.0    26.07 C    16.7     1.9     8.8    94.6    72.2    83.9 -99.000 -99.000 -99.000 -99.000 -99.000 -9999.0 -9999.0 -9999.0 -9999.0 -9999.0
26565 20140711  2.514 -148.46   70.16    11.7     3.4     7.6     7.1     0.0    17.41 C    24.0     2.3    10.6    95.7    71.9    84.7 -99.000 -99.000 -99.000 -99.000 -99.000 -9999.0 -9999.0 -9999.0 -9999.0 -9999.0
26565 20140712  2.514 -148.46   70.16    19.2     3.4    11.3    10.8     1.5    18.23 C    25.1     3.9    13.0    98.5    54.0    78.6 -99.000 -99.000 -99.000 -99.000 -99.000 -9999.0 -9999.0 -9999.0 -9999.0 -9999.0
26565 20140713  2.514 -148.46   70.16    14.7     5.5    10.1     8.8     8.1     6.72 C    14.7     6.1     9.3    99.1    67.4    89.2 -99.000 -99.000 -99.000 -99.000 -99.000 -9999.0 -9999.0 -9999.0 -9999.0 -9999.0
26565 20140714  2.514 -148.46   70.16    10.4     3.9     7.1     7.3     3.7     6.55 C    12.8     1.7     8.0    98.2    73.0    89.6 -99.000 -99.000 -99.000 -99.000 -99.000 -9999.0 -9999.0 -9999.0 -9999.0 -9999.0
26565 20140715  2.514 -148.46   70.16    13.5     2.6     8.1     7.2     0.0    22.27 C    23.9     1.1     9.8    98.3    52.9    77.4 -99.000 -99.000 -99.000 -99.000 -99.000 -9999.0 -9999.0 -9999.0 -9999.0 -9999.0
26565 20140716  2.514 -148.46   70.16    17.4     6.4    11.9    11.9     0.3    11.35 C    22.5     5.5    12.8    98.1    65.7    82.2 -99.000 -99.000 -99.000 -99.000 -99.000 -9999.0 -9999.0 -9999.0 -9999.0 -9999.0
26565 20140717  2.514 -148.46   70.16    17.2     9.7    13.4    13.9     7.1    10.87 C    24.1     9.5    14.4    98.3    62.7    84.3 -99.000 -99.000 -99.000 -99.000 -99.000 -9999.0 -9999.0 -9999.0 -9999.0 -9999.0
26565 20140718  2.514 -148.46   70.16     9.7     6.2     8.0     8.2     6.5     6.36 C    13.2     5.2     9.3    99.3    74.6    91.9 -99.000 -99.000 -99.000 -99.000 -99.000 -9999.0 -9999.0 -9999.0 -9999.0 -9999.0
26565 20140719  2.514 -148.46   70.16    12.0     4.6     8.3     8.4     0.0    15.05 C    20.9     3.4    10.3    90.1    58.3    74.2 -99.000 -99.000 -99.000 -99.000 -99.000 -9999.0 -9999.0 -9999.0 -9999.0 -9999.0
26565 20140720  2.514 -148.46   70.16    10.1     6.0     8.0     7.9     1.7     9.06 C    14.0     5.3     8.5    97.0    59.2    79.5 -99.000 -99.000 -99.000 -99.000 -99.000 -9999.0 -9999.0 -9999.0 -9999.0 -9999.0
26565 20140721  2.514 -148.46   70.16    13.5     5.7     9.6     9.3     0.8     3.09 C    12.4     5.1     8.5    93.3    68.8    84.2 -99.000 -99.000 -99.000 -99.000 -99.000 -9999.0 -9999.0 -9999.0 -9999.0 -9999.0
26565 20140722  2.514 -148.46   70.16     5.9     3.1     4.5     4.6     0.7     7.25 C    12.7     3.4     6.3    96.2    89.6    92.9 -99.000 -99.000 -99.000 -99.000 -99.000 -9999.0 -9999.0 -9999.0 -9999.0 -9999.0
26565 20140723  2.514 -148.46   70.16     8.5     3.1     5.8     5.7     1.2     8.32 C    12.6     3.4     7.1    99.4    87.9    95.6 -99.000 -99.000 -99.000 -99.000 -99.000 -9999.0 -9999.0 -9999.0 -9999.0 -9999.0
26565 20140724  2.514 -148.46   70.16     7.2     1.2     4.2     4.9     0.8    10.11 C     8.9     0.1     5.9    97.9    73.0    87.0 -99.000 -99.000 -99.000 -99.000 -99.000 -9999.0 -9999.0 -9999.0 -9999.0 -9999.0
26565 20140725  2.514 -148.46   70.16     3.3     0.7     2.0     1.8     2.0     6.80 C    10.5     0.7     3.6    98.4    77.3    89.0 -99.000 -99.000 -99.000 -99.000 -99.000 -9999.0 -9999.0 -9999.0 -9999.0 -9999.0
26565 20140726  2.514 -148.46   70.16     3.8     0.9     2.4     2.3     0.2    10.05 C    12.8     0.9     4.6    96.9    78.2    88.9 -99.000 -99.000 -99.000 -99.000 -99.000 -9999.0 -9999.0 -9999.0 -9999.0 -9999.0
26565 20140727  2.514 -148.46   70.16     5.5     1.0     3.3     3.2     0.0    11.96 C    10.3     0.6     5.1    99.5    83.4    90.5 -99.000 -99.000 -99.000 -99.000 -99.000 -9999.0 -9999.0 -9999.0 -9999.0 -9999.0
26565 20140728  2.514 -148.46   70.16     6.1     3.8     5.0     4.9     0.0     8.10 C    10.7     3.7     6.4    98.5    80.3    91.1 -99.000 -99.000 -99.000 -99.000 -99.000 -9999.0 -9999.0 -9999.0 -9999.0 -9999.0
26565 20140729  2.514 -148.46   70.16     8.4    -0.4     4.0     5.1     0.0    11.17 C    14.3     1.2     7.0   100.0    65.0    83.9 -99.000 -99.000 -99.000 -99.000 -99.000 -9999.0 -9999.0 -9999.0 -9999.0 -9999.0
26565 20140730  2.514 -148.46   70.16     6.4    -1.2     2.6     2.5     0.0    22.80 C    14.8     0.0     6.1   100.0    74.0    89.8 -99.000 -99.000 -99.000 -99.000 -99.000 -9999.0 -9999.0 -9999.0 -9999.0 -9999.0
26565 20140731  2.514 -148.46   70.16     9.4     0.9     5.2     5.0     0.3     6.90 C    15.6     0.4     6.0    99.7    76.0    90.9 -99.000 -99.000 -99.000 -99.000 -99.000 -9999.0 -9999.0 -9999.0 -9999.0 -9999.0
26565 20140801  2.514 -148.46   70.16    13.9     6.4    10.1    10.6     3.7     2.77 C    13.6     6.0    10.2    99.3    88.1    95.6 -99.000 -99.000 -99.000 -99.000 -99.000 -9999.0 -9999.0 -9999.0 -9999.0 -9999.0
26565 20140802  2.514 -148.46   70.16     6.6     2.3     4.4     4.2     0.0     7.95 C    10.4     2.6     5.8    99.2    81.2    92.5 -99.000 -99.000 -99.000 -99.000 -99.000 -9999.0 -9999.0 -9999.0 -9999.0 -9999.0
26565 20140803  2.514 -148.46   70.16     5.4     2.3     3.8     4.0     0.0     3.49 C     9.7     2.6     5.2    99.9    90.4    96.1 -99.000 -99.000 -99.000 -99.000 -99.000 -9999.0 -9999.0 -9999.0 -9999.0 -9999.0
26565 20140804  2.514 -148.46   70.16     4.7     0.7     2.7     2.2     0.0    12.95 C    13.6     1.0     5.0    99.7    80.7    94.0 -99.000 -99.000 -99.000 -99.000 -99.000 -9999.0 -9999.0 -9999.0 -9999.0 -9999.0
26565 20140805  2.514 -148.46   70.16     4.3     0.8     2.5     2.4     0.0    10.09 C    10.3     1.2     4.3    99.0    83.7    93.2 -99.000 -99.000 -99.000 -99.000 -99.000 -9999.0 -9999.0 -9999.0 -9999.0 -9999.0
26565 20140806  2.514 -148.46   70.16     7.8     2.1     4.9     4.7     0.0    12.81 C    16.7     2.2     6.8    98.1    75.6    89.4 -99.000 -99.000 -99.000 -99.000 -99.000 -9999.0 -9999.0 -9999.0 -9999.0 -9999.0
26565 20140807  2.514 -148.46   70.16     6.5     4.5     5.5     5.4     0.0     5.80 C     8.2     4.4     5.9    99.3    87.1    93.4 -99.000 -99.000 -99.000 -99.000 -99.000 -9999.0 -9999.0 -9999.0 -9999.0 -9999.0
26565 20140808  2.514 -148.46   70.16     5.1     3.3     4.2     4.3     0.0     6.18 C     7.3     3.3     5.0    99.5    89.8    95.7 -99.000 -99.000 -99.000 -99.000 -99.000 -9999.0 -9999.0 -9999.0 -9999.0 -9999.0
26565 20140809  2.514 -148.46   70.16     6.1     3.3     4.7     4.5     0.0     8.28 C     8.7     3.2     5.3    99.5    88.6    96.9 -99.000 -99.000 -99.000 -99.000 -99.000 -9999.0 -9999.0 -9999.0 -9999.0 -9999.0
26565 20140810  2.514 -148.46   70.16     8.0     3.9     5.9     5.1     0.0    11.23 C    12.1     3.9     6.2    99.2    80.8    93.6 -99.000 -99.000 -99.000 -99.000 -99.000 -9999.0 -9999.0 -9999.0 -9999.0 -9999.0
26565 20140811  2.514 -148.46   70.16     8.8     4.6     6.7     6.1     0.0    13.01 C    13.1     3.3     6.9    98.0    78.8    90.0 -99.000 -99.000 -99.000 -99.000 -99.000 -9999.0 -9999.0 -9999.0 -9999.0 -9999.0
26565 20140812  2.514 -148.46   70.16     7.5     3.6     5.5     5.6     0.0     8.27 C    10.0     2.9     6.3    99.3    81.5    89.4 -99.000 -99.000 -99.000 -99.000 -99.000 -9999.0 -9999.0 -9999.0 -9999.0 -9999.0
26565 20140813  2.514 -148.46   70.16     4.8     2.3     3.5     3.3     0.0     8.87 C     8.6     2.5     4.5    99.3    90.6    97.5 -99.000 -99.000 -99.000 -99.000 -99.000 -9999.0 -9999.0 -9999.0 -9999.0 -9999.0
26565 20140814  2.514 -148.46   70.16     4.5     2.2     3.3     3.2     0.0     4.89 C     6.7     2.3     3.8    99.3    92.8    97.8 -99.000 -99.000 -99.000 -99.000 -99.000 -9999.0 -9999.0 -9999.0 -9999.0 -9999.0
26565 20140815  2.514 -148.46   70.16     4.3     3.0     3.6     3.6     0.0     4.25 C     5.4     3.0     4.1    99.2    97.3    98.7 -99.000 -99.000 -99.000 -99.000 -99.000 -9999.0 -9999.0 -9999.0 -9999.0 -9999.0
26565 20140816  2.514 -148.46   70.16     9.8     3.3     6.5     5.3     0.0    10.94 C    17.6     3.3     7.0    99.7    79.3    94.0 -99.000 -99.000 -99.000 -99.000 -99.000 -9999.0 -9999.0 -9999.0 -9999.0 -9999.0
26565 20140817  2.514 -148.46   70.16    17.7     2.8    10.2     9.7     0.0    17.74 C    24.6     1.4    11.4   100.0    62.4    84.1 -99.000 -99.000 -99.000 -99.000 -99.000 -9999.0 -9999.0 -9999.0 -9999.0 -9999.0
26565 20140818  2.514 -148.46   70.16    15.8     3.3     9.5     9.0     0.0    12.51 C    24.1     0.4    10.1    98.2    65.6    87.4 -99.000 -99.000 -99.000 -99.000 -99.000 -9999.0 -9999.0 -9999.0 -9999.0 -9999.0
26565 20140819  2.514 -148.46   70.16    10.1     4.7     7.4     6.7     0.0     6.57 C    16.7     4.0     8.6    97.6    79.7    91.0 -99.000 -99.000 -99.000 -99.000 -99.000 -9999.0 -9999.0 -9999.0 -9999.0 -9999.0
26565 20140820  2.514 -148.46   70.16    10.6     2.8     6.7     6.3     0.0    11.34 C    19.0     2.6     8.4   100.0    68.9    88.1 -99.000 -99.000 -99.000 -99.000 -99.000 -9999.0 -9999.0 -9999.0 -9999.0 -9999.0
26565 20140821  2.514 -148.46   70.16     7.3     2.2     4.8     5.0     0.0     3.88 C    11.2     2.5     6.3   100.0    92.6    98.0 -99.000 -99.000 -99.000 -99.000 -99.000 -9999.0 -9999.0 -9999.0 -9999.0 -9999.0
26565 20140822  2.514 -148.46   70.16    15.1     4.9    10.0     9.2     1.9    10.46 C    23.9     3.3    10.0    99.9    59.8    85.8 -99.000 -99.000 -99.000 -99.000 -99.000 -9999.0 -9999.0 -9999.0 -9999.0 -9999.0
26565 20140823  2.514 -148.46   70.16    16.0     4.0    10.0    10.5     0.5     8.45 C    20.6     1.6     9.8    99.4    49.4    79.5 -99.000 -99.000 -99.000 -99.000 -99.000 -9999.0 -9999.0 -9999.0 -9999.0 -9999.0
26565 20140824  2.514 -148.46   70.16    10.1     0.5     5.3     4.2     0.2     4.85 C    10.3     0.2     5.8    98.5    81.9    91.3 -99.000 -99.000 -99.000 -99.000 -99.000 -9999.0 -9999.0 -9999.0 -9999.0 -9999.0
26565 20140825  2.514 -148.46   70.16     4.8     0.3     2.5     2.6     0.0     6.31 C     8.3     0.7     3.5    94.0    77.4    86.7 -99.000 -99.000 -99.000 -99.000 -99.000 -9999.0 -9999.0 -9999.0 -9999.0 -9999.0
26565 20140826  2.514 -148.46   70.16     6.4     0.3     3.3     3.6     0.0     4.87 C    14.1    -1.4     4.3   100.0    83.6    94.5 -99.000 -99.000 -99.000 -99.000 -99.000 -9999.0 -9999.0 -9999.0 -9999.0 -9999.0
26565 20140827  2.514 -148.46   70.16    15.0    -0.7     7.1     5.9     0.0    12.83 C    20.0    -2.5     6.6   100.0    56.1    87.6 -99.000 -99.000 -99.000 -99.000 -99.000 -9999.0 -9999.0 -9999.0 -9999.0 -9999.0
26565 20140828  2.514 -148.46   70.16    15.2     0.3     7.8     6.9     2.0     9.41 C    19.4     0.1     7.0    98.8    56.6    83.4 -99.000 -99.000 -99.000 -99.000 -99.000 -9999.0 -9999.0 -9999.0 -9999.0 -9999.0
26565 20140829  2.514 -148.46   70.16     3.4     0.0     1.7     1.0    12.7    10.00 C     0.6    -1.8    -0.2    99.9    82.5    94.8 -99.000 -99.000 -99.000 -99.000 -99.000 -9999.0 -9999.0 -9999.0 -9999.0 -9999.0
26565 20140830  2.514 -148.46   70.16     4.7    -1.0     1.8     2.4     0.0     5.66 C     5.8    -2.9     1.4    94.8    67.1    85.0 -99.000 -99.000 -99.000 -99.000 -99.000 -9999.0 -9999.0 -9999.0 -9999.0 -9999.0
26565 20140831  2.514 -148.46   70.16     8.2    -2.9     2.6     3.1     0.0    10.33 C     9.6    -3.3     2.4    97.0    49.3    78.2 -99.000 -99.000 -99.000 -99.000 -99.000 -9999.0 -9999.0 -9999.0 -9999.0 -9999.0
26565 20140901  2.514 -148.46   70.16     5.3    -0.5     2.4     2.1     3.5     2.41 C     6.4    -2.0     1.5    96.4    64.6    88.1 -99.000 -99.000 -99.000 -99.000 -99.000 -9999.0 -9999.0 -9999.0 -9999.0 -9999.0
26565 20140902  2.514 -148.46   70.16     5.3     0.3     2.8     1.8     2.1     6.62 C     8.6    -0.9     1.8    98.1    63.0    87.3 -99.000 -99.000 -99.000 -99.000 -99.000 -9999.0 -9999.0 -9999.0 -9999.0 -9999.0
26565 20140903  2.514 -148.46   70.16     2.5    -0.4     1.0     0.9     2.8     6.34 C     3.7    -1.8     0.5    97.4    84.3    91.2 -99.000 -99.000 -99.000 -99.000 -99.000 -9999.0 -9999.0 -9999.0 -9999.0 -9999.0
26565 20140904  2.514 -148.46   70.16     3.4     0.0     1.7     1.0     1.9     6.03 C     7.7    -0.3     1.1    96.7    68.1    87.4 -99.000 -99.000 -99.000 -99.000 -99.000 -9999.0 -9999.0 -9999.0 -9999.0 -9999.0
26565 20140905  2.514 -148.46   70.16     3.9    -2.2     0.9     0.9     0.0     7.22 C    11.3    -4.1     1.7    98.1    60.9    82.9 -99.000 -99.000 -99.000 -99.000 -99.000 -9999.0 -9999.0 -9999.0 -9999.0 -9999.0
26565 20140906  2.514 -148.46   70.16     3.5    -2.4     0.5     0.2     0.0     9.04 C     9.1    -4.5     1.0    99.9    76.1    91.2 -99.000 -99.000 -99.000 -99.000 -99.000 -9999.0 -9999.0 -9999.0 -9999.0 -9999.0
26565 20140907  2.514 -148.46   70.16    10.7    -4.5     3.1     2.1     0.0    13.65 C    11.4    -3.7     2.2    99.9    35.7    75.1 -99.000 -99.000 -99.000 -99.000 -99.000 -9999.0 -9999.0 -9999.0 -9999.0 -9999.0
26565 20140908  2.514 -148.46   70.16    12.1    -2.1     5.0     3.5     0.0    13.11 C    14.6    -3.2     3.0   100.0    33.5    74.3 -99.000 -99.000 -99.000 -99.000 -99.000 -9999.0 -9999.0 -9999.0 -9999.0 -9999.0
26565 20140909  2.514 -148.46   70.16     2.7    -0.1     1.3     1.2     0.0     3.97 C     6.3    -0.3     1.9   100.0    89.5    96.2 -99.000 -99.000 -99.000 -99.000 -99.000 -9999.0 -9999.0 -9999.0 -9999.0 -9999.0
26565 20140910  2.514 -148.46   70.16     2.8     0.4     1.6     1.5     0.0     2.70 C     5.0     0.4     1.8    98.1    86.4    93.4 -99.000 -99.000 -99.000 -99.000 -99.000 -9999.0 -9999.0 -9999.0 -9999.0 -9999.0
26565 20140911  2.514 -148.46   70.16     3.9     1.6     2.7     2.3     0.0     2.80 C     6.5     1.2     2.4    98.5    83.1    91.0 -99.000 -99.000 -99.000 -99.000 -99.000 -9999.0 -9999.0 -9999.0 -9999.0 -9999.0
26565 20140912  2.514 -148.46   70.16     2.9     1.1     2.0     1.8     0.0     2.28 C     4.4     1.0     2.0    99.6    90.2    95.2 -99.000 -99.000 -99.000 -99.000 -99.000 -9999.0 -9999.0 -9999.0 -9999.0 -9999.0
26565 20140913  2.514 -148.46   70.16     2.5     1.1     1.8     1.8     0.0     1.28 C     3.0     0.9     1.7    97.2    91.9    95.4 -99.000 -99.000 -99.000 -99.000 -99.000 -9999.0 -9999.0 -9999.0 -9999.0 -9999.0
26565 20140914  2.514 -148.46   70.16     3.5     2.1     2.8     2.7     0.0     1.23 C     3.9     1.7     2.5    97.2    90.3    94.1 -99.000 -99.000 -99.000 -99.000 -99.000 -9999.0 -9999.0 -9999.0 -9999.0 -9999.0
26565 20140915  2.514 -148.46   70.16     3.7     0.5     2.1     2.0     0.0     2.39 C     6.4     1.2     2.8   100.0    94.4    99.2 -99.000 -99.000 -99.000 -99.000 -99.000 -9999.0 -9999.0 -9999.0 -9999.0 -9999.0
26565 20140916  2.514 -148.46   70.16     2.8     0.0     1.4     1.5     0.0     1.98 C     5.2    -0.3     2.3   100.0    94.7    98.9 -99.000 -99.000 -99.000 -99.000 -99.000 -9999.0 -9999.0 -9999.0 -9999.0 -9999.0
26565 20140917  2.514 -148.46   70.16     4.1     1.6     2.8     2.7     0.0     2.16 C     7.9     1.5     3.4   100.0    90.9    97.4 -99.000 -99.000 -99.000 -99.000 -99.000 -9999.0 -9999.0 -9999.0 -9999.0 -9999.0
26565 20140918  2.514 -148.46   70.16     2.6     1.5     2.1     2.1     0.0     1.30 C     3.4     1.4     2.2    99.9    94.3    97.6 -99.000 -99.000 -99.000 -99.000 -99.000 -9999.0 -9999.0 -9999.0 -9999.0 -9999.0
26565 20140919  2.514 -148.46   70.16     1.8     0.9     1.3     1.3     0.0     0.82 C     2.4     0.7     1.3    98.7    89.8    96.1 -99.000 -99.000 -99.000 -99.000 -99.000 -9999.0 -9999.0 -9999.0 -9999.0 -9999.0
26565 20140920  2.514 -148.46   70.16     3.1     0.3     1.7     1.7     5.4     1.84 C     5.5     0.0     2.0    99.6    91.2    96.9 -99.000 -99.000 -99.000 -99.000 -99.000 -9999.0 -9999.0 -9999.0 -9999.0 -9999.0
26565 20140921  2.514 -148.46   70.16     2.8     0.1     1.4     0.8     2.3     2.82 C     4.5    -0.4     0.8    99.0    84.5    95.3 -99.000 -99.000 -99.000 -99.000 -99.000 -9999.0 -9999.0 -9999.0 -9999.0 -9999.0
26565 20140922  2.514 -148.46   70.16     3.6    -0.7     1.4     0.9     0.0     6.22 C     6.8    -1.0     1.0    96.1    62.5    85.3 -99.000 -99.000 -99.000 -99.000 -99.000 -9999.0 -9999.0 -9999.0 -9999.0 -9999.0
26565 20140923  2.514 -148.46   70.16     2.8    -1.4     0.7     0.6     0.0     2.69 C     2.9    -2.2     0.4    98.5    80.5    91.1 -99.000 -99.000 -99.000 -99.000 -99.000 -9999.0 -9999.0 -9999.0 -9999.0 -9999.0
26565 20140924  2.514 -148.46   70.16     2.5    -0.9     0.8     0.2     0.3     3.41 C     2.2    -1.5    -0.3    96.2    69.9    88.8 -99.000 -99.000 -99.000 -99.000 -99.000 -9999.0 -9999.0 -9999.0 -9999.0 -9999.0
26565 20140925  2.514 -148.46   70.16     3.1    -2.0     0.6     0.7     0.2     3.37 C     4.2    -2.3     0.1    97.3    76.4    90.6 -99.000 -99.000 -99.000 -99.000 -99.000 -9999.0 -9999.0 -9999.0 -9999.0 -9999.0
26565 20140926  2.514 -148.46   70.16     0.8    -5.7    -2.4    -1.8     0.0     7.42 C     1.4    -6.0    -2.2    98.9    68.5    86.1 -99.000 -99.000 -99.000 -99.000 -99.000 -9999.0 -9999.0 -9999.0 -9999.0 -9999.0
26565 20140927  2.514 -148.46   70.16     2.5    -6.7    -2.1    -2.3     0.0     7.12 C     4.5    -6.0    -2.1    95.1    53.9    80.6 -99.000 -99.000 -99.000 -99.000 -99.000 -9999.0 -9999.0 -9999.0 -9999.0 -9999.0
26565 20140928  2.514 -148.46   70.16     2.0    -5.4    -1.7    -1.1     0.4     2.51 C     1.2    -5.5    -1.5    95.0    68.4    84.6 -99.000 -99.000 -99.000 -99.000 -99.000 -9999.0 -9999.0 -9999.0 -9999.0 -9999.0
26565 20140929  2.514 -148.46   70.16     3.8    -0.9     1.4     1.4     0.0     3.36 C     5.6    -1.8     0.6    97.7    78.1    92.1 -99.000 -99.000 -99.000 -99.000 -99.000 -9999.0 -9999.0 -9999.0 -9999.0 -9999.0
26565 20140930  2.514 -148.46   70.16     1.0     0.0     0.5     0.4     1.0     2.09 C     2.0    -0.6     0.1    99.5    87.7    95.6 -99.000 -99.000 -99.000 -99.000 -99.000 -9999.0 -9999.0 -9999.0 -9999.0 -9999.0
26565 20141001  2.514 -148.46   70.16     2.7    -0.6     1.1     0.8     2.7     0.80 C     2.1    -0.6     0.4    99.8    91.9    96.9 -99.000 -99.000 -99.000 -99.000 -99.000 -9999.0 -9999.0 -9999.0 -9999.0 -9999.0
26565 20141002  2.514 -148.46   70.16    -0.1    -5.0    -2.6    -1.4     0.2     2.55 C    -0.3    -6.9    -1.8    99.6    78.9    93.8 -99.000 -99.000 -99.000 -99.000 -99.000 -9999.0 -9999.0 -9999.0 -9999.0 -9999.0
26565 20141003  2.514 -148.46   70.16    -1.6    -6.1    -3.9    -3.3     0.2     2.55 C     0.0    -6.8    -3.0    97.9    84.5    93.5 -99.000 -99.000 -99.000 -99.000 -99.000 -9999.0 -9999.0 -9999.0 -9999.0 -9999.0
26565 20141004  2.514 -148.46   70.16    -1.0    -5.0    -3.0    -2.6     1.3     1.58 C    -0.9    -8.8    -3.1    96.6    74.7    89.5 -99.000 -99.000 -99.000 -99.000 -99.000 -9999.0 -9999.0 -9999.0 -9999.0 -9999.0
26565 20141005  2.514 -148.46   70.16    -1.7    -8.6    -5.2    -5.4     0.2     3.22 C    -0.8   -11.4    -6.6    96.3    69.4    87.8 -99.000 -99.000 -99.000 -99.000 -99.000 -9999.0 -9999.0 -9999.0 -9999.0 -9999.0
26565 20141006  2.514 -148.46   70.16    -2.9    -7.3    -5.1    -4.8     0.0     2.39 C    -2.7    -9.7    -5.1    91.5    71.7    86.2 -99.000 -99.000 -99.000 -99.000 -99.000 -9999.0 -9999.0 -9999.0 -9999.0 -9999.0
26565 20141007  2.514 -148.46   70.16    -2.7    -5.3    -4.0    -4.0     0.6     2.62 C    -2.5    -8.3    -4.6    94.3    76.7    88.6 -99.000 -99.000 -99.000 -99.000 -99.000 -9999.0 -9999.0 -9999.0 -9999.0 -9999.0
26565 20141008  2.514 -148.46   70.16    -3.4    -4.8    -4.1    -4.2     1.8     1.79 C    -3.4    -6.0    -4.4    94.3    90.6    92.2 -99.000 -99.000 -99.000 -99.000 -99.000 -9999.0 -9999.0 -9999.0 -9999.0 -9999.0
26565 20141009  2.514 -148.46   70.16    -3.5    -5.1    -4.3    -4.1     1.1     1.97 C    -3.6    -5.5    -4.5    94.6    81.2    92.2 -99.000 -99.000 -99.000 -99.000 -99.000 -9999.0 -9999.0 -9999.0 -9999.0 -9999.0
26565 20141010  2.514 -148.46   70.16    -4.4    -5.6    -5.0    -5.1     0.0     1.29 C    -5.0    -6.2    -5.6    91.4    79.9    85.9 -99.000 -99.000 -99.000 -99.000 -99.000 -9999.0 -9999.0 -9999.0 -9999.0 -9999.0
26565 20141011  2.514 -148.46   70.16    -3.5    -6.2    -4.9    -4.9     0.2     1.38 C    -3.5    -7.9    -5.4    97.1    88.4    92.3 -99.000 -99.000 -99.000 -99.000 -99.000 -9999.0 -9999.0 -9999.0 -9999.0 -9999.0
26565 20141012  2.514 -148.46   70.16    -2.9    -6.1    -4.5    -4.5     0.0     1.27 C    -2.4    -7.1    -4.8    97.0    85.2    91.5 -99.000 -99.000 -99.000 -99.000 -99.000 -9999.0 -9999.0 -9999.0 -9999.0 -9999.0
26565 20141013  2.514 -148.46   70.16    -3.7    -5.5    -4.6    -4.5     0.0     1.52 C    -2.5    -6.5    -4.8    97.2    85.0    92.4 -99.000 -99.000 -99.000 -99.000 -99.000 -9999.0 -9999.0 -9999.0 -9999.0 -9999.0
26565 20141014  2.514 -148.46   70.16    -1.5    -4.7    -3.1    -2.8     0.0     1.88 C    -1.7    -5.4    -3.2    97.3    84.1    92.1 -99.000 -99.000 -99.000 -99.000 -99.000 -9999.0 -9999.0 -9999.0 -9999.0 -9999.0
26565 20141015  2.514 -148.46   70.16    -1.7    -8.3    -5.0    -4.4     0.9     1.00 C    -2.0    -7.7    -4.4    97.2    88.6    93.8 -99.000 -99.000 -99.000 -99.000 -99.000 -9999.0 -9999.0 -9999.0 -9999.0 -9999.0
26565 20141016  2.514 -148.46   70.16    -5.0    -8.8    -6.9    -7.4     0.4     1.55 C    -4.7    -8.9    -6.9    97.8    86.4    92.8 -99.000 -99.000 -99.000 -99.000 -99.000 -9999.0 -9999.0 -9999.0 -9999.0 -9999.0
26565 20141017  2.514 -148.46   70.16    -2.5    -8.4    -5.5    -4.9     3.2     0.72 C    -2.3    -8.6    -4.9    97.7    88.6    93.9 -99.000 -99.000 -99.000 -99.000 -99.000 -9999.0 -9999.0 -9999.0 -9999.0 -9999.0
26565 20141018  2.514 -148.46   70.16    -3.8    -6.1    -4.9    -5.0     0.8     0.56 C    -3.3    -6.3    -5.2    96.9    86.3    91.7 -99.000 -99.000 -99.000 -99.000 -99.000 -9999.0 -9999.0 -9999.0 -9999.0 -9999.0
26565 20141019  2.514 -148.46   70.16    -1.9    -5.4    -3.6    -3.0     0.5     0.97 C    -2.6    -7.6    -3.5    96.0    86.3    91.9 -99.000 -99.000 -99.000 -99.000 -99.000 -9999.0 -9999.0 -9999.0 -9999.0 -9999.0
26565 20141020  2.514 -148.46   70.16    -1.8    -4.1    -3.0    -3.3     0.0     0.88 C    -2.5    -4.8    -4.0    92.6    81.1    86.1 -99.000 -99.000 -99.000 -99.000 -99.000 -9999.0 -9999.0 -9999.0 -9999.0 -9999.0
26565 20141021  2.514 -148.46   70.16    -2.3    -4.0    -3.2    -3.1     0.3     0.49 C    -2.9    -4.8    -3.7    95.6    78.6    87.7 -99.000 -99.000 -99.000 -99.000 -99.000 -9999.0 -9999.0 -9999.0 -9999.0 -9999.0
26565 20141022  2.514 -148.46   70.16    -3.0    -6.5    -4.8    -4.6     1.1     0.48 C    -3.2    -6.8    -4.9    95.8    87.8    91.6 -99.000 -99.000 -99.000 -99.000 -99.000 -9999.0 -9999.0 -9999.0 -9999.0 -9999.0
26565 20141023  2.514 -148.46   70.16    -6.2    -9.2    -7.7    -7.3     0.0     0.60 C    -6.6   -12.1    -8.4    90.7    82.2    86.0 -99.000 -99.000 -99.000 -99.000 -99.000 -9999.0 -9999.0 -9999.0 -9999.0 -9999.0
26565 20141024  2.514 -148.46   70.16    -7.3   -12.8   -10.1    -9.1     0.0     0.38 C    -7.9   -13.7   -10.4    89.3    85.3    87.3 -99.000 -99.000 -99.000 -99.000 -99.000 -9999.0 -9999.0 -9999.0 -9999.0 -9999.0
26565 20141025  2.514 -148.46   70.16    -6.7   -17.0   -11.9   -11.9     0.0     2.00 C    -7.3   -19.1   -13.2    91.5    68.2    83.6 -99.000 -99.000 -99.000 -99.000 -99.000 -9999.0 -9999.0 -9999.0 -9999.0 -9999.0
26565 20141026  2.514 -148.46   70.16    -2.2    -9.7    -6.0    -4.5     0.0     0.54 C    -2.8   -12.2    -6.0    94.9    73.2    84.1 -99.000 -99.000 -99.000 -99.000 -99.000 -9999.0 -9999.0 -9999.0 -9999.0 -9999.0
26565 20141027  2.514 -148.46   70.16    -5.6   -11.4    -8.5    -8.7     0.0     0.43 C    -7.6   -14.4   -11.1    90.0    75.5    83.1 -99.000 -99.000 -99.000 -99.000 -99.000 -9999.0 -9999.0 -9999.0 -9999.0 -9999.0
26565 20141028  2.514 -148.46   70.16    -3.5   -11.5    -7.5    -7.5     0.0     1.23 C    -4.3   -12.4    -8.7    96.5    74.4    87.8 -99.000 -99.000 -99.000 -99.000 -99.000 -9999.0 -9999.0 -9999.0 -9999.0 -9999.0
26565 20141029  2.514 -148.46   70.16    -4.6   -15.8   -10.2   -10.8     0.0     0.10 C    -5.0   -18.1   -12.2    94.4    80.5    89.4 -99.000 -99.000 -99.000 -99.000 -99.000 -9999.0 -9999.0 -9999.0 -9999.0 -9999.0
26565 20141030  2.514 -148.46   70.16    -7.8   -11.4    -9.6    -8.9     0.0     0.24 C    -7.8   -13.7    -9.4    94.1    79.6    88.9 -99.000 -99.000 -99.000 -99.000 -99.000 -9999.0 -9999.0 -9999.0 -9999.0 -9999.0
26565 20141031  2.514 -148.46   70.16    -9.6   -12.8   -11.2   -11.4     0.0     0.10 C    -9.7   -12.6   -11.3    88.8    75.0    81.6 -99.000 -99.000 -99.000 -99.000 -99.000 -9999.0 -9999.0 -9999.0 -9999.0 -9999.0
26565 20141101  2.514 -148.46   70.16   -11.3   -14.7   -13.0   -13.2     0.0     0.15 C   -11.4   -15.7   -13.2    86.7    77.8    84.2 -99.000 -99.000 -99.000 -99.000 -99.000 -9999.0 -9999.0 -9999.0 -9999.0 -9999.0
26565 20141102  2.514 -148.46   70.16   -11.7   -17.1   -14.4   -13.7     0.0     0.70 C   -13.2   -19.3   -15.7    89.3    84.1    86.7 -99.000 -99.000 -99.000 -99.000 -99.000 -9999.0 -9999.0 -9999.0 -9999.0 -9999.0
26565 20141103  2.514 -148.46   70.16    -9.9   -22.0   -16.0   -13.4     0.0     0.08 C    -9.9   -19.4   -13.1    89.1    82.6    87.0 -99.000 -99.000 -99.000 -99.000 -99.000 -9999.0 -9999.0 -9999.0 -9999.0 -9999.0
26565 20141104  2.514 -148.46   70.16   -12.2   -24.9   -18.6   -17.4     0.0     0.04 C   -12.3   -23.8   -16.8    88.4    78.5    84.1 -99.000 -99.000 -99.000 -99.000 -99.000 -9999.0 -9999.0 -9999.0 -9999.0 -9999.0
26565 20141105  2.514 -148.46   70.16    -9.0   -13.4   -11.2   -11.3     0.0     0.14 C    -9.3   -15.1   -11.6    89.4    79.7    86.3 -99.000 -99.000 -99.000 -99.000 -99.000 -9999.0 -9999.0 -9999.0 -9999.0 -9999.0
26565 20141106  2.514 -148.46   70.16    -9.2   -23.0   -16.1   -15.5     0.6     0.47 C    -9.8   -24.2   -16.7    90.0    74.1    83.7 -99.000 -99.000 -99.000 -99.000 -99.000 -9999.0 -9999.0 -9999.0 -9999.0 -9999.0
26565 20141107  2.514 -148.46   70.16   -16.6   -22.9   -19.8   -19.7     0.0     0.72 C   -20.7   -24.1   -22.6    87.1    67.3    79.1 -99.000 -99.000 -99.000 -99.000 -99.000 -9999.0 -9999.0 -9999.0 -9999.0 -9999.0
26565 20141108  2.514 -148.46   70.16   -19.1   -22.9   -21.0   -20.8     0.0     0.55 C   -21.7   -24.4   -23.3    84.7    77.5    81.2 -99.000 -99.000 -99.000 -99.000 -99.000 -9999.0 -9999.0 -9999.0 -9999.0 -9999.0
26565 20141109  2.514 -148.46   70.16   -14.0   -21.7   -17.8   -17.7     0.0     0.49 C   -16.5   -22.7   -19.0    84.9    76.5    81.4 -99.000 -99.000 -99.000 -99.000 -99.000 -9999.0 -9999.0 -9999.0 -9999.0 -9999.0
26565 20141110  2.514 -148.46   70.16     0.1   -15.8    -7.9    -6.8     1.4     0.03 C    -3.7   -16.8    -9.4    85.5    68.0    80.1 -99.000 -99.000 -99.000 -99.000 -99.000 -9999.0 -9999.0 -9999.0 -9999.0 -9999.0
26565 20141111  2.514 -148.46   70.16    -3.4   -11.7    -7.5    -8.1     0.0     0.05 C    -7.0   -13.5   -11.0    91.9    72.3    82.3 -99.000 -99.000 -99.000 -99.000 -99.000 -9999.0 -9999.0 -9999.0 -9999.0 -9999.0
26565 20141112  2.514 -148.46   70.16     1.0   -11.7    -5.3    -4.8     0.0     0.06 C    -0.7   -13.4    -6.7    92.6    79.1    87.5 -99.000 -99.000 -99.000 -99.000 -99.000 -9999.0 -9999.0 -9999.0 -9999.0 -9999.0
26565 20141113  2.514 -148.46   70.16    -5.0   -10.1    -7.6    -7.9     0.0     0.16 C    -7.3   -11.6   -10.0    93.3    86.8    89.5 -99.000 -99.000 -99.000 -99.000 -99.000 -9999.0 -9999.0 -9999.0 -9999.0 -9999.0
26565 20141114  2.514 -148.46   70.16    -6.0   -13.1    -9.6   -10.5     0.3     0.00 C    -6.4   -14.2   -11.7    94.5    87.4    90.3 -99.000 -99.000 -99.000 -99.000 -99.000 -9999.0 -9999.0 -9999.0 -9999.0 -9999.0
26565 20141115  2.514 -148.46   70.16    -6.2   -12.5    -9.4    -9.2     0.0     0.13 C    -7.8   -13.4   -10.7    94.1    83.6    89.2 -99.000 -99.000 -99.000 -99.000 -99.000 -9999.0 -9999.0 -9999.0 -9999.0 -9999.0
26565 20141116  2.514 -148.46   70.16    -6.0   -13.5    -9.7   -11.6     0.2     0.00 C    -6.0   -14.1   -12.0    94.7    85.1    88.4 -99.000 -99.000 -99.000 -99.000 -99.000 -9999.0 -9999.0 -9999.0 -9999.0 -9999.0
26565 20141117  2.514 -148.46   70.16    -3.7    -8.2    -5.9    -4.7     0.2     0.00 C    -3.8   -10.0    -4.9    96.0    91.6    94.9 -99.000 -99.000 -99.000 -99.000 -99.000 -9999.0 -9999.0 -9999.0 -9999.0 -9999.0
26565 20141118  2.514 -148.46   70.16    -5.2   -13.0    -9.1    -9.2     0.2     0.00 C    -5.3   -14.2    -9.4    95.7    87.4    91.0 -99.000 -99.000 -99.000 -99.000 -99.000 -9999.0 -9999.0 -9999.0 -9999.0 -9999.0
26565 20141119  2.514 -148.46   70.16    -5.7    -7.3    -6.5    -6.6     0.9     0.00 C    -5.7    -7.4    -6.6    93.8    92.3    93.0 -99.000 -99.000 -99.000 -99.000 -99.000 -9999.0 -9999.0 -9999.0 -9999.0 -9999.0
26565 20141120  2.514 -148.46   70.16    -7.3   -11.9    -9.6   -10.2     2.0     0.00 C    -7.4   -12.2   -10.4    92.5    88.5    90.0 -99.000 -99.000 -99.000 -99.000 -99.000 -9999.0 -9999.0 -9999.0 -9999.0 -9999.0
26565 20141121  2.514 -148.46   70.16   -11.5   -13.0   -12.3   -12.3     0.5     0.00 C   -11.7   -13.8   -12.7    88.9    86.8    88.2 -99.000 -99.000 -99.000 -99.000 -99.000 -9999.0 -9999.0 -9999.0 -9999.0 -9999.0
26565 20141122  2.514 -148.46   70.16   -12.4   -14.7   -13.5   -13.6     0.0     0.00 C   -13.7   -15.9   -14.9    86.7    79.5    83.4 -99.000 -99.000 -99.000 -99.000 -99.000 -9999.0 -9999.0 -9999.0 -9999.0 -9999.0
26565 20141123  2.514 -148.46   70.16   -14.4   -28.4   -21.4   -22.0     0.0     0.00 C   -15.9   -29.2   -23.3    81.0    70.7    76.5 -99.000 -99.000 -99.000 -99.000 -99.000 -9999.0 -9999.0 -9999.0 -9999.0 -9999.0
26565 20141124  2.514 -148.46   70.16   -17.5   -28.5   -23.0   -22.6     0.0     0.00 C   -17.0   -29.3   -22.8    88.1    72.7    81.2 -99.000 -99.000 -99.000 -99.000 -99.000 -9999.0 -9999.0 -9999.0 -9999.0 -9999.0
26565 20141125  2.514 -148.46   70.16   -14.9   -23.4   -19.1   -17.2     0.7     0.00 C   -14.8   -26.5   -17.9    86.1    72.7    81.8 -99.000 -99.000 -99.000 -99.000 -99.000 -9999.0 -9999.0 -9999.0 -9999.0 -9999.0
26565 20141126  2.514 -148.46   70.16   -19.0   -26.9   -23.0   -23.9     0.0     0.00 C   -20.0   -28.8   -26.3    85.8    75.7    80.5 -99.000 -99.000 -99.000 -99.000 -99.000 -9999.0 -9999.0 -9999.0 -9999.0 -9999.0
26565 20141127  2.514 -148.46   70.16   -22.6   -29.0   -25.8   -26.6     0.0     0.00 C   -24.5   -29.2   -27.6    79.6    73.6    76.1 -99.000 -99.000 -99.000 -99.000 -99.000 -9999.0 -9999.0 -9999.0 -9999.0 -9999.0
26565 20141128  2.514 -148.46   70.16   -18.3   -28.3   -23.3   -24.5     0.0     0.00 C   -19.0   -29.2   -26.2    83.9    74.9    77.9 -99.000 -99.000 -99.000 -99.000 -99.000 -9999.0 -9999.0 -9999.0 -9999.0 -9999.0
26565 20141129  2.514 -148.46   70.16   -16.4   -23.1   -19.7   -18.8     1.1     0.00 C   -16.0   -25.1   -19.2    84.0    77.8    81.8 -99.000 -99.000 -99.000 -99.000 -99.000 -9999.0 -9999.0 -9999.0 -9999.0 -9999.0
26565 20141130  2.514 -148.46   70.16   -19.6   -27.7   -23.6   -23.1     0.0     0.00 C   -19.3   -28.4   -23.6    81.5    74.4    78.4 -99.000 -99.000 -99.000 -99.000 -99.000 -9999.0 -9999.0 -9999.0 -9999.0 -9999.0
26565 20141201  2.514 -148.46   70.16   -23.5   -29.7   -26.6   -26.5     0.0     0.00 C   -22.7   -30.5   -26.3    78.1    72.9    75.7 -99.000 -99.000 -99.000 -99.000 -99.000 -9999.0 -9999.0 -9999.0 -9999.0 -9999.0
26565 20141202  2.514 -148.46   70.16   -18.0   -25.7   -21.8   -21.8     1.5     0.00 C   -18.4   -26.6   -22.0    84.0    75.5    79.2 -99.000 -99.000 -99.000 -99.000 -99.000 -9999.0 -9999.0 -9999.0 -9999.0 -9999.0
26565 20141203  2.514 -148.46   70.16   -16.9   -21.9   -19.4   -19.6     0.0     0.00 C   -16.8   -23.0   -19.6    83.4    78.4    81.0 -99.000 -99.000 -99.000 -99.000 -99.000 -9999.0 -9999.0 -9999.0 -9999.0 -9999.0
26565 20141204  2.514 -148.46   70.16   -21.2   -24.4   -22.8   -23.1     0.0     0.00 C   -20.4   -24.2   -22.3    79.8    76.7    78.0 -99.000 -99.000 -99.000 -99.000 -99.000 -9999.0 -9999.0 -9999.0 -9999.0 -9999.0
26565 20141205  2.514 -148.46   70.16   -16.6   -25.1   -20.8   -19.4     0.6     0.00 C   -16.5   -26.1   -19.2    84.5    75.1    81.0 -99.000 -99.000 -99.000 -99.000 -99.000 -9999.0 -9999.0 -9999.0 -9999.0 -9999.0
26565 20141206  2.514 -148.46   70.16   -20.7   -29.4   -25.0   -23.2     0.0     0.00 C   -20.9   -28.9   -23.6    81.1    71.5    78.1 -99.000 -99.000 -99.000 -99.000 -99.000 -9999.0 -9999.0 -9999.0 -9999.0 -9999.0
26565 20141207  2.514 -148.46   70.16   -27.2   -32.7   -29.9   -31.1     1.6     0.00 C   -27.7   -32.2   -30.3    76.2    70.8    72.3 -99.000 -99.000 -99.000 -99.000 -99.000 -9999.0 -9999.0 -9999.0 -9999.0 -9999.0
26565 20141208  2.514 -148.46   70.16   -26.6   -29.0   -27.8   -27.9     0.0     0.00 C   -27.2   -29.8   -29.0    76.1    72.7    74.6 -99.000 -99.000 -99.000 -99.000 -99.000 -9999.0 -9999.0 -9999.0 -9999.0 -9999.0
26565 20141209  2.514 -148.46   70.16   -26.5   -28.7   -27.6   -27.7     0.0     0.00 C   -27.5   -29.6   -28.5    75.9    73.6    74.7 -99.000 -99.000 -99.000 -99.000 -99.000 -9999.0 -9999.0 -9999.0 -9999.0 -9999.0
26565 20141210  2.514 -148.46   70.16   -28.6   -37.6   -33.1   -33.6     0.9     0.00 C   -29.5   -37.1   -33.7    75.8    65.9    70.8 -99.000 -99.000 -99.000 -99.000 -99.000 -9999.0 -9999.0 -9999.0 -9999.0 -9999.0
26565 20141211  2.514 -148.46   70.16   -22.7   -37.5   -30.1   -27.5     4.1     0.00 C   -22.5   -37.0   -27.0    78.8    68.1    75.0 -99.000 -99.000 -99.000 -99.000 -99.000 -9999.0 -9999.0 -9999.0 -9999.0 -9999.0
26565 20141212  2.514 -148.46   70.16   -22.1   -25.4   -23.7   -23.8     0.5     0.00 C   -21.7   -25.1   -23.2    79.5    74.8    78.0 -99.000 -99.000 -99.000 -99.000 -99.000 -9999.0 -9999.0 -9999.0 -9999.0 -9999.0
26565 20141213  2.514 -148.46   70.16   -23.8   -31.7   -27.8   -26.7     0.0     0.00 C   -23.1   -32.8   -27.4    78.4    71.2    75.9 -99.000 -99.000 -99.000 -99.000 -99.000 -9999.0 -9999.0 -9999.0 -9999.0 -9999.0
26565 20141214  2.514 -148.46   70.16   -26.5   -34.2   -30.3   -30.3     0.0     0.00 C   -25.2   -34.4   -30.5    77.3    69.0    73.1 -99.000 -99.000 -99.000 -99.000 -99.000 -9999.0 -9999.0 -9999.0 -9999.0 -9999.0
26565 20141215  2.514 -148.46   70.16   -22.0   -26.5   -24.2   -23.7     0.2     0.00 C   -21.4   -25.3   -22.9    79.7    75.5    78.1 -99.000 -99.000 -99.000 -99.000 -99.000 -9999.0 -9999.0 -9999.0 -9999.0 -9999.0
26565 20141216  2.514 -148.46   70.16   -20.4   -27.4   -23.9   -23.2     0.0     0.00 C   -20.1   -27.8   -23.0    81.1    74.6    78.7 -99.000 -99.000 -99.000 -99.000 -99.000 -9999.0 -9999.0 -9999.0 -9999.0 -9999.0
26565 20141217  2.514 -148.46   70.16   -20.1   -26.0   -23.1   -22.7     0.0     0.00 C   -20.0   -27.2   -23.5    81.3    75.9    79.1 -99.000 -99.000 -99.000 -99.000 -99.000 -9999.0 -9999.0 -9999.0 -9999.0 -9999.0
26565 20141218  2.514 -148.46   70.16   -22.2   -25.9   -24.1   -23.7     0.0     0.00 C   -22.8   -26.8   -24.9    79.9    74.7    78.4 -99.000 -99.000 -99.000 -99.000 -99.000 -9999.0 -9999.0 -9999.0 -9999.0 -9999.0
26565 20141219  2.514 -148.46   70.16   -16.8   -22.8   -19.8   -19.2     0.0     0.00 C   -16.9   -23.5   -19.5    85.0    79.5    82.0 -99.000 -99.000 -99.000 -99.000 -99.000 -9999.0 -9999.0 -9999.0 -9999.0 -9999.0
26565 20141220  2.514 -148.46   70.16   -15.4   -19.5   -17.5   -17.6     0.2     0.00 C   -15.7   -18.9   -17.4    85.4    80.7    83.6 -99.000 -99.000 -99.000 -99.000 -99.000 -9999.0 -9999.0 -9999.0 -9999.0 -9999.0
26565 20141221  2.514 -148.46   70.16   -16.0   -23.6   -19.8   -20.4     0.0     0.00 C   -16.3   -24.8   -20.2    85.3    77.1    81.0 -99.000 -99.000 -99.000 -99.000 -99.000 -9999.0 -9999.0 -9999.0 -9999.0 -9999.0
26565 20141222  2.514 -148.46   70.16   -15.5   -23.7   -19.6   -18.6     0.0     0.00 C   -15.4   -24.9   -19.1    84.0    77.4    81.2 -99.000 -99.000 -99.000 -99.000 -99.000 -9999.0 -9999.0 -9999.0 -9999.0 -9999.0
26565 20141223  2.514 -148.46   70.16   -15.4   -23.0   -19.2   -16.9     0.0     0.00 C   -15.3   -25.3   -17.2    86.5    78.5    83.2 -99.000 -99.000 -99.000 -99.000 -99.000 -9999.0 -9999.0 -9999.0 -9999.0 -9999.0
26565 20141224  2.514 -148.46   70.16   -16.8   -24.4   -20.6   -18.7     0.0     0.00 C   -17.0   -28.6   -19.7    88.9    80.1    84.0 -99.000 -99.000 -99.000 -99.000 -99.000 -9999.0 -9999.0 -9999.0 -9999.0 -9999.0
26565 20141225  2.514 -148.46   70.16   -17.6   -20.7   -19.1   -18.6     0.2     0.00 C   -17.4   -21.7   -18.7    84.2    80.9    82.7 -99.000 -99.000 -99.000 -99.000 -99.000 -9999.0 -9999.0 -9999.0 -9999.0 -9999.0
26565 20141226  2.514 -148.46   70.16   -17.6   -23.1   -20.4   -20.5     0.4     0.00 C   -17.4   -23.4   -20.4    83.8    78.0    81.0 -99.000 -99.000 -99.000 -99.000 -99.000 -9999.0 -9999.0 -9999.0 -9999.0 -9999.0
26565 20141227  2.514 -148.46   70.16   -21.9   -37.5   -29.7   -32.2     0.2     0.00 C   -21.6   -37.7   -33.1    82.1    71.8    75.8 -99.000 -99.000 -99.000 -99.000 -99.000 -9999.0 -9999.0 -9999.0 -9999.0 -9999.0
26565 20141228  2.514 -148.46   70.16    -5.7   -33.2   -19.5   -18.4     0.0     0.00 C    -8.3   -35.1   -19.2    84.8    72.9    80.4 -99.000 -99.000 -99.000 -99.000 -99.000 -9999.0 -9999.0 -9999.0 -9999.0 -9999.0
26565 20141229  2.514 -148.46   70.16    -7.4   -13.7   -10.6   -11.0     0.0     0.00 C   -10.8   -16.2   -12.6    95.3    76.9    84.2 -99.000 -99.000 -99.000 -99.000 -99.000 -9999.0 -9999.0 -9999.0 -9999.0 -9999.0
26565 20141230  2.514 -148.46   70.16   -12.3   -19.8   -16.0   -17.0     0.0     0.00 C   -12.9   -22.7   -17.7    88.9    80.8    84.3 -99.000 -99.000 -99.000 -99.000 -99.000 -9999.0 -9999.0 -9999.0 -9999.0 -9999.0
26565 20141231  2.514 -148.46   70.16   -16.8   -19.6   -18.2   -18.0     0.0     0.00 C   -16.8   -20.2   -18.2    84.5    82.2    83.5 -99.000 -99.000 -99.000 -99.000 -99.000 -9999.0 -9999.0 -9999.0 -9999.0 -9999.0
